29.2,49.4,0.0,21.4
27.9,49.4,0,22.7
30.7,48.3,0,21
29,46.9,0,24.2
19.8,49.2,0,31
19.6,50.3,0.0,30.1
89.1,0.0,0.0,10.9
98.7,0.0,0.0,1.3
92.5,0.0,0.0,7.5
23.5,36.7,0.0,39.8
91.4,0.0,0.0,8.6
1.5,48.0,0.0,50.5
90.3,0.0,0.0,9.7
53.9,0.0,0.0,46.1
51.5,0.0,0.0,48.5
